100206
100610
102311
102816
103212
103818
104416
105620
105923
107725
108222
108323
109123
110411
111312
111514
113619
114419
114823
115017
115320
115825
116726
117930
118225
118730
120717
122317
125525
126426
126628
127933
128935
130114
130417
130518
130821
131217
131722
132118
134627
134829
135124
135528
135629
136833
137128
138231
139839
140117
140319
143325
144226
144428
144832
145834
146129
146432
146735
146937
148133
148840
149337
149741
149842
150625
150726
151223
151526
151829
155938
156334
156637
157336
157437
158035
158136
159239
159744
160729
162329
162935
164131
164636
165436
165840
167036
167440
168240
169343
169444
171633
172130
172332
173334
173536
175136
175237
175439
176239
176542
177140
177645
177746
178142
178243
178647
180533
181232
181636
182436
182739
185442
185846
187345
187547
191033
191336
191841
192439
192641
193239
193845
194140
195041
195647
195950
196144
197348
198653
199655
200109
200311
200614
201515
202113
203418
204016
204521
205220
206929
207123
208024
208630
209127
209228
210011
210415
212419
214019
214524
214726
221319
233326
238033
239136
246133
249947
250427
251833
257845
263436
283543
287248
304020
307127
318637
320826
329440
330324
339847
341834
346137
352132
352738
360030
365343
366042
368551
371843
378857
380036
381038
385046
385450
386250
389357
392750
393247
395756
397760
401422
406836
412528
422632
429040
433839
436845
445543
463040
467351
475855
481951
495255
499566
513736
525541
531536
536647
541943
547046
552241
562345
572045
573249
580347
581450
583858
585256
590047
599671
601127
615744
617748
627549
628248
635245
638049
654552
654754
660951
662551
671855
680957
685058
690152
706040
724446
725751
727654
729557
732243
734045
757764
759869
765864
770352
771354
773257
774663
782561
783462
789373
792766
793465
814649
818455
818859
825048
826353
833249
859671
861456
865363
870861
871762
872764
877168
878776
878877
889579
896879
898176
899885
901139
901442
905147
910241
917255
926862
927359
937160
942658
943862
951457
958976
966975
971160
979984
994273